CODE,NAME
8918,(株)ランド
1360,日経平均ベア2倍上場投信
9432,ＮＴＴ(株)
4564,オンコセラピー・サイエンス(株)
9434,ソフトバンク(株)
8729,ソニーフィナンシャルグループ(株)
4597,ソレイジア・ファーマ(株)
9984,ソフトバンクグループ(株)
285A,キオクシアホールディングス(株)
7201,日産自動車(株)
8306,(株)三菱ＵＦＪフィナンシャル・グループ
5803,(株)フジクラ
6740,(株)ジャパンディスプレイ
7203,トヨタ自動車(株)
9501,東京電力ホールディングス(株)
5401,日本製鉄(株)
6976,太陽誘電(株)
6981,(株)村田製作所
8136,(株)サンリオ
7211,三菱自動車(株)
5802,住友電気工業(株)
1579,日経平均ブル2倍上場投信
5016,ＪＸ金属(株)
7011,三菱重工業(株)
7012,川崎重工業(株)
3436,(株)ＳＵＭＣＯ
3697,(株)ＳＨＩＦＴ
3350,(株)メタプラネット
7267,ホンダ
5801,古河電気工業(株)
4689,ＬＩＮＥヤフー(株)
6758,ソニーグループ(株)
3664,(株)ＷＩＺＥ
6501,(株)日立製作所
6762,ＴＤＫ(株)
6506,(株)安川電機
6723,ルネサスエレクトロニクス(株)
8316,(株)三井住友フィナンシャルグループ
9602,東宝(株)
4755,楽天グループ(株)
8604,野村ホールディングス(株)
1615,(NEXT FUNDS)東証銀行業株価指数連動型上場投信
581A,ＧＯ(株)
6702,富士通(株)
7138,(株)ＴＯＲＩＣＯ
1306,(NEXT FUNDS)TOPIX連動型上場投信
8001,伊藤忠商事(株)
4586,(株)メドレックス
7013,(株)ＩＨＩ
3382,(株)セブン＆アイ・ホールディングス
